#	ItemTable																						
#	Id		Name	Type	Quality	Description	IconId	DetailIconId	CanStack	MaxStackCount	CanUse	UseEffectId	CanEquip	SpecialEffectId	AffixPoolIds	AffixMinCount	AffixMaxCount	SynergyIds	BaseAttributes	SellPrice	Value	Weight	MaxDurability
#	int		string	int	int	string	int	int	int	int	int	int	int	int	int[]	int	int	int[]	string	int	int	int	int
#	物品ID	备注	物品名称	物品类型	品质等级	物品描述	缩略图资源ID	详细图资源ID	是否可堆叠	最大堆叠数	是否可使用	使用效果ID	是否可装备	特殊效果ID	词条池ID列表	词条最小数量	词条最大数量	羁绊ID列表	基础属性(JSON格式)	售价		重量(克)	最大耐久度
	1		钱包	1	2	使用后随机获得100-500金币	1901	0	1	99	1	1001	0	0	0	0	0	0	{}	50	120	50	0
	2		生命药水	1	1	恢复500点生命值	1902	0	1	99	1	1002	0	0	0	0	0	0	{}	10	40	100	0
	3		魔法药水	1	1	恢复300点魔法值	1903	0	1	99	1	1003	0	0	0	0	0	0	{}	10	40	100	0
	4		经验宝石	1	3	使用后获得1000点经验值	1904	0	1	20	1	1004	0	0	0	0	0	0	{}	100	300	200	0
	5		神秘钥匙	2	3	打开神秘宝箱的钥匙	1905	0	0	1	0	0	0	0	0	0	0	0	{}	0	800	50	0
	6		古老卷轴	2	4	记载着远古秘密的卷轴	1906	0	0	1	0	0	0	0	0	0	0	0	{}	0	800	30	0
	7		八尺琼勾玉	3	5	传说中的三神器之一，蕴含神秘力量	1907	0	0	1	0	0	1	3001	0	0	0	3001	{"MaxHP":"500","CritRate":"15%"}	0	800	500	0
	8		天丛云剑	3	5	传说中的三神器之一，削铁如泥	1908	0	0	1	0	0	1	3002	0	0	0	3001	{"Attack":"200","CritDamage":"50%"}	0	800	800	0
	9		八咫镜	3	5	传说中的三神器之一，可以反射一切	1909	0	0	1	0	0	1	3003	0	0	0	3001	{"Defense":"300","DamageReduction":"20%"}	0	800	600	0
	10		石中剑	4	4	传说中的圣剑，只有王者才能拔出	1910	0	0	1	0	0	1	4001	2001,2003	2	3	0	{"Attack":"60","CritRate":"10%"}	500	800	700	0
	11		龙鳞铠甲	4	4	由巨龙鳞片打造的铠甲	1911	0	0	1	0	0	1	4002	2002,2006	2	3	0	{"MaxHP":"200","Defense":"50"}	500	800	1200	0
	12		精灵之戒	4	3	精灵族的传家宝	1912	0	0	1	0	0	1	4003	2004,2005	1	2	0	{"MoveSpeed":"15%","Evasion":"10%"}	300	500	100	0
	13		月华玉璧	3	5	月神赐予的古老玉璧，蕴含月华之力，可反射一切邪恶	1913	0	0	1	0	0	1	5001	0	0	0	5001	{"Defense":"400","MagicResist":"25%","CritReduction":"20%"}	0	800	500	0
	14		太阴弦月弓	3	5	月神的弓，弦如弦月般优雅，箭矢蕴含月光之力	1914	0	0	1	0	0	1	5002	0	0	0	5001	{"Attack":"350","CritRate":"25%","Evasion":"15%"}	0	800	800	0
	15		月轮镜	3	5	月神的镜子，能够照亮黑暗，反射月光	1915	0	0	1	0	0	1	5003	0	0	0	5001	{"MagicPower":"300","MagicResist":"30%","Regeneration":"8%"}	0	800	600	0
	16		炎魔之心	3	5	炎魔的心脏，跳动着永恒的火焰	1916	0	0	1	0	0	1	5004	0	0	0	5002	{"MaxHP":"500","LifeSteal":"20%","FireDamage":"30%"}	0	800	500	0
	17		炎魔之冠	3	5	炎魔的王冠，象征权力与统治	1917	0	0	1	0	0	1	5005	0	0	0	5002	{"Attack":"400","CritDamage":"50%","Leadership":"15%"}	0	800	800	0
	18		炎魔之剑	3	5	炎魔的剑，剑身燃烧着永恒的火焰	1918	0	0	1	0	0	1	5006	0	0	0	5002	{"Attack":"380","FireDamage":"25%","AttackSpeed":"15%"}	0	800	700	0
	19		古剑·樱花落	4	4	樱花盛开时锻造的古剑，剑身如樱花般优雅，却有致命的锋芒	1919	0	0	1	0	0	1	6001	2007,2008	2	3	0	{"Attack":"150","CritRate":"20%","Evasion":"8%"}	600	1000	700	0
	20		暗影斗篷	4	3	用暗影魔法编织的斗篷，能够隐匿身形，融入黑暗	1920	0	0	1	0	0	1	6002	2009,2010	2	3	0	{"Defense":"80","Evasion":"15%","MagicResist":"15%"}	400	700	500	0
	21		圣光铠甲	4	4	被圣光祝福的铠甲，闪烁着神圣的光芒，能够保护穿戴者免受邪恶	1921	0	0	1	0	0	1	6003	2011,2012	2	3	0	{"Defense":"200","MagicResist":"30%","HealthRegen":"3%"}	600	1000	1200	0
	22		古墓盗贼手套	4	3	从古墓中发现的神秘手套，能够增强手指的灵活性和力量	1922	0	0	1	0	0	1	6004	2013,2014	2	3	0	{"Attack":"80","AttackSpeed":"15%","CritRate":"10%"}	400	700	300	0
	23		冰晶靴	4	3	用冰晶魔法制成的靴子，能够在冰面上快速移动，冻结敌人	1923	0	0	1	0	0	1	6005	2015,2016	2	3	0	{"MoveSpeed":"20%","Defense":"60","CooldownReduction":"10%"}	400	700	400	0
	24		风暴法杖	4	4	由风元素凝聚而成的法杖，顶端闪烁着雷电光芒，能够召唤风暴之力	1924	0	0	1	0	0	1	6006	2017,2018	2	3	0	{"MagicPower":"200","CooldownReduction":"15%","AttackSpeed":"10%"}	600	1000	600	0
	999		金币	5	1	游戏中的基础货币	1101	0	1	999999999	0	0	0	0	0	0	0	0	{}	0	1	0	0
	9999		起源石	5	4	高级货币，用于商店购买高级物品	1102	0	1	999999999	0	0	0	0	0	0	0	0	{}	0	999	0	0
	99999		灵石	5	3	战斗资源，用于棋子进阶	1103	0	1	999999999	0	0	0	0	0	0	0	0	{}	0	0	0	0